2000 map1

100	100	2 2	32
100	100	2 2	480
110	100	2 2	43
110	100	2 2	469
120	100	2 2	54
120	100	2 2	458
130	100	2 2	65
130	100	2 2	447
140	100	2 2	76
140	100	2 2	436
150	100	2 2	87
150	100	2 2	425
160	100	2 2	98
160	100	2 2	414
170	100	2 2	109
170	100	2 2	403
180	100	2 2	120
180	100	2 2	392
190	100	2 2	131
190	100	2 2	381
200	100	2 2	142
200	100	2 2	370
210	100	2 2	153
210	100	2 2	359
220	100	2 2	164
220	100	2 2	348
230	100	2 2	175
230	100	2 2	337
240	100	2 2	186
240	100	2 2	326
250	100	2 2	197
250	100	2 2	315
260	100	2 2	197
260	100	2 2	315
270	100	2 2	197
270	100	2 2	315
280	100	2 2	197
280	100	2 2	315
290	100	2 2	197
290	100	2 2	315
300	100	2 2	197
300	100	2 2	315
310	100	2 2	197
310	100	2 2	315
320	100	2 2	197
320	100	2 2	315


330	100	2 2	190
330	100	2 2 307
340	100	2 2	183
340 100	2 2	300
350	100	2 2	176	
350 100	2 2	293
360 100	2 2	169
360 100	2 2	286
370	100	2 2	162
370 100	2 2	279
380	103	4 3 20 100 400
380	100	2 2	162
380 100	2 2	279
390	100	2 2	169
390 100	2 2	286
400	100	2 2	176	
400 100	2 2	293
410	100	2 2	183
410 100	2 2	300
420	100	2 2	190
420 100	2 2	307
430	100	2 2	183
430 100	2 2	300
440	100	2 2	176
440 100	2 2	293
450	100	2 2	169
450 100	2 2	286
460	100	2 2	162
460 100	2 2	279
470 100	2 2	169
470 100	2 2	286
480 100	2 2	176
480 100	2 2	293
480 103	4 3 20 100 100
490	100	2 2	183
490 100	2 2	300
500 100	2 2	190
500 100	2 2	307
510 100	2 2	183
510 100	2 2	300
520 100	2 2	176
520 100	2 2	293
530 100	2 2	169
530 100	2 2	286
540 100	2 2	162
540 100	2 2	279
550 100	2 2	169
550 100	2 2	286
560 100	2 2	176
560 100	2 2	293
570	100	2 2	183
570 100	2 2	300
580 100	2 2	190
580 100	2 2	307
590 100	2 2	183
590 100	2 2	300
600 100	2 2	176
600 100	2 2	293
610 100	2 2	183
610 100	2 2	300
620 100	2 2	190
620 100	2 2	307
630 100	2 2	183
630 100	2 2	300
640 100	2 2	176
640 100	2 2	293
650 100	2 2	169
650 100	2 2	286
660 100	2 2	162
660 100	2 2	279
670 100	2 2	169
670 100	2 2	286
680 100	2 2	176
680 100	2 2	293
690 100	2 2	183
690 100	2 2	300
700 100	2 2	190
700 100	2 2	307
710 100	2 2	183
710 100	2 2	300
720 100	2 2	176
720 100	2 2	293
730 100	2 2	169
730 100	2 2	286
740 100	2 2	162
740 100	2 2	279
750 100	2 2	169
750 100	2 2	286
760 100	2 2	176
760 100	2 2	293
770 100	2 2	183
770 100	2 2	300
780 100	2 2	190
780 100	2 2	307
790 100	2 2	183
790 100	2 2	300
800 100	2 2	176
800 100	2 2	293
810 100	2 2	169
810 100	2 2	286
820 100	2 2	162
820 100	2 2	279
830 100	2 2	169
830 100	2 2	286
840 100	2 2	176
840 100	2 2	293
850 100	2 2	183
850 100	2 2	300
860 100	2 2	190
860 100	2 2	307
870 100	2 2	183
870 100	2 2	300
880 100	2 2	176
880 100	2 2	293
890 100	2 2	169
890 100	2 2	286
900 100	2 2	162
900 100	2 2	279
910 100	2 2	169
910 100	2 2	286
920 100	2 2	176
920 100	2 2	293
