3200 map1

100 100 2 1 256
100 100 2 1 288
100 100 2 1 320
100 100 2 1 352
100 100 2 1 384
100 100 2 1 416
100 100 2 1 448
100 100 2 1 480
100 103 4 2 6 180 128

500 100 2 1 32
500 100 2 1 64
500 100 2 1 96
500 100 2 1 128
500 100 2 1 384
500 100 2 1 416
500 100 2 1 448
500 100 2 1 480
500 103 4 2 6 180 256

900 100 2 1 32
900 100 2 1 64
900 100 2 1 96
900 100 2 1 128
900 100 2 1 160
900 100 2 1 192
900 100 2 1 224
900 100 2 1 256
900 103 4 2 6 180 384

1300 100 2 1 32
1325 100 2 1 64
1350 100 2 1 96
1375 100 2 1 128
1400 100 2 1 160
1425 101 3 1 1 192
1450 100 2 1 224
1475 100 2 1 256
1500 100 2 1 288
1525 101 3 1 1 320
1550 100 2 1 352
1575 100 2 1 384

1775 100 2 1 480
1800 100 2 1 448
1825 100 2 1 416
1850 100 2 1 384
1875 100 2 1 352
1900 101 3 1 1 320
1925 100 2 1 288
1950 100 2 1 256
1975 100 2 1 224
2000 101 3 1 1 192
2025 100 2 1 160
2050 100 2 1 128

2500 103 4 2 18 120 384