3600

100 100 2 2 32
100 100 2 2 64
100 101 3 8 3 96
100 100 2 2 128
100 100 2 2 224
100 101 3 8 3 256
100 100 2 2 288
100 100 2 2 384
100 101 3 8 3 416
100 100 2 2 448
100 100 2 2 480
200 100 2 2 144
200 101 3 8 3 176
200 100 2 2 208
200 100 2 2 304
200 101 3 8 3 336
200 100 2 2 368

400 100 2 2 32
400 100 2 2 64
400 101 3 8 3 96
400 100 2 2 128
400 100 2 2 224
400 101 3 8 3 256
400 100 2 2 288
400 100 2 2 384
400 101 3 8 3 416
400 100 2 2 448
400 100 2 2 480
500 100 2 2 144
500 101 3 8 3 176
500 100 2 2 208
500 100 2 2 304
500 101 3 8 3 336
500 100 2 2 368

900 103 4 2 3 60 224
900 103 4 2 3 60 256
900 103 4 2 3 60 288
1000 103 4 2 3 60 64
1000 103 4 2 3 60 96
1100 103 4 2 3 60 416
1100 103 4 2 3 60 448

1400 103 4 2 3 60 224
1400 103 4 2 3 60 256
1400 103 4 2 3 60 288
1500 103 4 2 3 60 64
1500 103 4 2 3 60 96
1600 103 4 2 3 60 416
1600 103 4 2 3 60 448

1900 103 4 2 3 60 64
1900 103 4 2 3 60 96
1900 103 4 2 3 60 416
1900 103 4 2 3 60 448
2000 103 4 2 3 60 224
2000 103 4 2 3 60 256
2000 103 4 2 3 60 288

2800 103 4 2 7 60 192
2800 103 4 2 7 90 320
