2000 map0

100 100 2 3 50
100 100 2 4 82
100 100 2 4 142
100 100 2 3 174
100 100 2 3 234
100 100 2 4 266
100 100 2 4 326
100 100 2 3 358
100 100 2 3 418
100 100 2 4 460

300 100 2 5 64
310 100 2 5 384
320 100 2 5 256
330 100 2 5 160
340 100 2 5 352
350 100 2 5 448
360 100 2 5 224
370 100 2 5 320
380 100 2 5 96
390 100 2 5 288
400 100 2 5 128
410 100 2 5 416
420 100 2 5 192

430 100 2 5 64
440 100 2 5 384
450 100 2 5 256
460 100 2 5 160
470 100 2 5 352
480 100 2 5 448
490 100 2 5 224
500 100 2 5 320
510 100 2 5 96
520 100 2 5 288
530 100 2 5 128
540 100 2 5 416
550 100 2 5 192



500 103 4 3 20 200 256
650 103 4 3 12 100 128
650 103 4 3 12 100 384

1000 101 3 -3 2 64 
1150 101 3 -3 2 128
1200 101 3 -3 2 192
1250 101 3 -3 2 265
1300 101 3 -3 2 320
1400 101 3 -3 2 384
1450 101 3 -3 2 448
