3500 map1

100 100 2 1 32
100 100 2 1 96
100 100 2 1 416
100 100 2 1 480
132 100 2 1 32
132 101 3 1 2 64
132 100 2 1 96
132 100 2 1 416
132 101 3 1 2 448
132 100 2 1 480
164 100 2 1 32
164 100 2 1 96
164 100 2 1 416
164 100 2 1 480

600 100 2 1 160
600 100 2 1 224
600 100 2 1 288
600 100 2 1 352
632 100 2 1 160
632 101 3 1 2 192
632 100 2 1 224
632 100 2 1 288
632 101 3 1 2 320
632 100 2 1 352
664 100 2 1 160
664 100 2 1 224
664 100 2 1 288
664 100 2 1 352

1100 100 2 1 32
1100 100 2 1 96
1100 100 2 1 416
1100 100 2 1 480
1132 100 2 1 32
1132 103 4 2 13 200 64
1132 100 2 1 96
1132 100 2 1 416
1132 101 3 1 2 448
1132 100 2 1 480
1164 100 2 1 32
1164 100 2 1 96
1164 100 2 1 416
1164 100 2 1 480

1600 100 2 1 160
1600 100 2 1 224
1600 100 2 1 288
1600 100 2 1 352
1632 100 2 1 160
1632 101 3 1 2 192
1632 100 2 1 224
1632 100 2 1 288
1632 103 4 2 13 200 320
1632 100 2 1 352
1664 100 2 1 160
1664 100 2 1 224
1664 100 2 1 288
1664 100 2 1 352

2200 100 2 1 32
2232 100 2 1 64
2232 103 4 2 8 200 32
2264 100 2 1 32
2300 100 2 1 480
2332 100 2 1 448
2332 103 4 2 9 200 480
2364 100 2 1 480
2400 100 2 1 32
2432 100 2 1 64
2432 103 4 2 10 200 32
2464 100 2 1 32
2500 100 2 1 480
2532 100 2 1 448
2532 103 4 2 11 200 480
2564 100 2 1 480
2600 100 2 1 32
2632 100 2 1 64
2632 103 4 2 12 200 32
2664 100 2 1 32
2700 100 2 1 480
2732 100 2 1 448
2732 103 4 2 13 200 480
2764 100 2 1 480