1600 map1
100 10 2 Instructions.png 256
400 100 2 2 32
400 100 2 2 64
400 100 2 2 96
400 100 2 2 128
400 100 2 2 160
400 100 2 2 192
400 100 2 2 224
400 100 2 2 256

500 100 2 2 256
500 100 2 2 288
500 100 2 2 320
500 100 2 2 352
500 100 2 2 384
500 100 2 2 416
500 100 2 2 448
500 100 2 2 480

650 100 2 2 32
650 100 2 2 64
650 100 2 3 96
650 100 2 3 128
650 100 2 2 160
650 100 2 2 192
650 100 2 3 224
650 100 2 3 256
650 100 2 3 288
650 100 2 2 320
650 100 2 2 352
650 100 2 3 384
650 100 2 3 416
650 100 2 2 448
650 100 2 2 480

800 100 2 1 30
800 100 2 2 45
800 100 2 3 60
800 100 2 2 75
800 100 2 1 90
800 100 2 2 105
800 100 2 3 120
800 100 2 2 135
800 100 2 1 150
800 100 2 2 165
800 100 2 3 180
800 100 2 2 195
800 100 2 1 210
800 100 2 2 225
800 100 2 3 240
800 100 2 2 255

850 100 2 3 270
850 100 2 2 285
850 100 2 1 300
850 100 2 2 315
850 100 2 3 330
850 100 2 2 345
850 100 2 1 360
850 100 2 2 375
850 100 2 3 390
850 100 2 2 405
850 100 2 1 420
850 100 2 2 435
850 100 2 3 450
850 100 2 2 465
850 100 2 1 480

1050 101 3 1 2 150
1050 101 3 1 2 350
